Enter choice: 
 1:Multinomial Model 
 2:Evaluation of Model 
 3:Performance on training
 4:Performance on testing
 5:exit
1
P(Omega = 1) =0.04259472890229834
P(Omega = 2) =0.05155736977549028
P(Omega = 3) =0.05075871860857219
P(Omega = 4) =0.05208980388676901
P(Omega = 5) =0.051024935664211554
P(Omega = 6) =0.052533498979501284
P(Omega = 7) =0.051646108794036735
P(Omega = 8) =0.052533498979501284
P(Omega = 9) =0.052888455053687104
P(Omega = 10) =0.0527109770165942
P(Omega = 11) =0.05306593309078002
P(Omega = 12) =0.0527109770165942
P(Omega = 13) =0.05244475996095483
P(Omega = 14) =0.0527109770165942
P(Omega = 15) =0.052622237998047744
P(Omega = 16) =0.05315467210932647
P(Omega = 17) =0.04836276510781791
P(Omega = 18) =0.05004880646020055
P(Omega = 19) =0.04117490460555506
P(Omega = 20) =0.033365870973467035
Enter choice: 
 1:Multinomial Model 
 2:Evaluation of Model 
 3:Performance on training
 4:Performance on testing
 5:exit
2
Enter Document Id from 1 to 11269
1
1
Enter choice: 
 1:Multinomial Model 
 2:Evaluation of Model 
 3:Performance on training
 4:Performance on testing
 5:exit
2
Enter Document Id from 1 to 11269
2
1
Enter choice: 
 1:Multinomial Model 
 2:Evaluation of Model 
 3:Performance on training
 4:Performance on testing
 5:exit
3
Overall Accuracy=0.4446712219362854
ClassAccuracy=
Class 1:0.9854166666666667
Class 2:0.5938037865748709
Class 3:0.513986013986014
Class 4:0.5195911413969335
Class 5:0.551304347826087
Class 6:0.5320945945945946
Class 7:0.6048109965635738
Class 8:0.42567567567567566
Class 9:0.41778523489932884
Class 10:0.4983164983164983
Class 11:0.4297658862876254
Class 12:0.2895622895622896
Class 13:0.4500846023688663
Class 14:0.3838383838383838
Class 15:0.40978077571669475
Class 16:0.2671118530884808
Class 17:0.25137614678899084
Class 18:0.25354609929078015
Class 19:0.23060344827586207
Class 20:0.26595744680851063

Confusion Matrix:=
	1	2	3	4	5	6	7	8	9	10	11	12	13	14	15	16	17	18	19	20
1	473 	0 	0 	0 	0 	0 	0 	0 	0 	0 	0 	0 	0 	0 	0 	5 	0 	1 	1 	0 	
2	195 	345 	6 	14 	1 	9 	2 	1 	1 	0 	0 	2 	1 	0 	3 	1 	0 	0 	0 	0 	
3	228 	8 	294 	18 	0 	16 	2 	0 	0 	0 	0 	1 	1 	1 	0 	2 	0 	0 	1 	0 	
4	249 	9 	3 	305 	3 	5 	6 	0 	0 	0 	0 	1 	2 	0 	1 	1 	1 	1 	0 	0 	
5	235 	4 	1 	5 	317 	2 	0 	0 	2 	0 	0 	2 	1 	3 	1 	1 	0 	0 	1 	0 	
6	250 	10 	8 	2 	2 	315 	0 	0 	1 	1 	0 	0 	0 	0 	1 	0 	1 	0 	1 	0 	
7	155 	3 	0 	22 	6 	1 	352 	11 	1 	3 	3 	4 	9 	1 	0 	2 	4 	1 	4 	0 	
8	322 	0 	0 	2 	1 	1 	3 	252 	1 	1 	0 	1 	1 	1 	0 	1 	0 	0 	4 	1 	
9	333 	1 	0 	1 	1 	0 	4 	2 	249 	0 	0 	0 	0 	2 	0 	2 	1 	0 	0 	0 	
10	284 	3 	0 	1 	0 	1 	1 	2 	0 	296 	3 	0 	1 	1 	0 	0 	1 	0 	0 	0 	
11	331 	0 	1 	2 	0 	0 	0 	2 	0 	0 	257 	1 	1 	0 	0 	1 	0 	1 	1 	0 	
12	413 	1 	0 	0 	0 	0 	0 	0 	0 	0 	0 	172 	0 	1 	0 	0 	2 	0 	5 	0 	
13	293 	4 	1 	10 	3 	0 	2 	0 	0 	0 	1 	3 	266 	2 	2 	1 	1 	0 	2 	0 	
14	353 	1 	0 	0 	0 	1 	0 	1 	1 	0 	0 	0 	2 	228 	1 	4 	2 	0 	0 	0 	
15	341 	1 	0 	1 	0 	2 	0 	1 	0 	0 	0 	0 	1 	1 	243 	1 	0 	0 	1 	0 	
16	431 	2 	0 	1 	0 	0 	0 	0 	0 	0 	0 	0 	0 	1 	0 	160 	2 	1 	1 	0 	
17	402 	0 	0 	0 	0 	0 	0 	1 	0 	0 	0 	0 	1 	0 	0 	2 	137 	0 	2 	0 	
18	409 	1 	0 	0 	0 	0 	0 	1 	0 	0 	0 	0 	0 	2 	0 	6 	0 	143 	2 	0 	
19	347 	2 	0 	0 	0 	1 	0 	0 	0 	0 	0 	2 	0 	1 	0 	0 	2 	2 	107 	0 	
20	251 	1 	0 	0 	0 	0 	0 	0 	1 	0 	0 	0 	0 	0 	1 	14 	4 	2 	2 	100 	
Enter choice: 
 1:Multinomial Model 
 2:Evaluation of Model 
 3:Performance on training
 4:Performance on testing
 5:exit
4
Enter choice: 
 1:With Baysian Estimate 
 2:With Max Likelihood estimate
1
Overall Accuracy=0.37361758827448366
ClassAccuracy=
Class 1:0.9371069182389937
Class 2:0.4987146529562982
Class 3:0.28388746803069054
Class 4:0.44387755102040816
Class 5:0.4412532637075718
Class 6:0.4205128205128205
Class 7:0.5261780104712042
Class 8:0.4253164556962025
Class 9:0.44836272040302266
Class 10:0.35516372795969775
Class 11:0.39097744360902253
Class 12:0.31645569620253167
Class 13:0.3256997455470738
Class 14:0.3384223918575064
Class 15:0.3163265306122449
Class 16:0.2889447236180904
Class 17:0.23076923076923078
Class 18:0.1675531914893617
Class 19:0.15483870967741936
Class 20:0.11952191235059761

Confusion Matrix:=
	1	2	3	4	5	6	7	8	9	10	11	12	13	14	15	16	17	18	19	20
1	298 	0 	0 	0 	0 	1 	0 	0 	0 	0 	1 	0 	2 	1 	2 	4 	1 	4 	3 	1 	
2	145 	194 	5 	10 	4 	16 	0 	1 	1 	0 	0 	4 	3 	1 	1 	3 	0 	0 	1 	0 	
3	179 	21 	111 	30 	8 	21 	0 	4 	2 	3 	1 	3 	1 	2 	1 	1 	0 	0 	3 	0 	
4	169 	6 	10 	174 	15 	1 	3 	4 	0 	0 	1 	1 	6 	0 	1 	0 	0 	0 	1 	0 	
5	136 	8 	6 	27 	169 	1 	2 	4 	0 	1 	0 	4 	12 	6 	2 	0 	3 	0 	2 	0 	
6	164 	33 	6 	7 	1 	164 	1 	0 	1 	1 	0 	4 	0 	2 	2 	0 	2 	0 	2 	0 	
7	80 	6 	3 	34 	14 	0 	201 	20 	2 	1 	1 	2 	6 	1 	2 	3 	2 	1 	3 	0 	
8	193 	2 	0 	1 	0 	1 	7 	168 	8 	1 	0 	0 	3 	0 	2 	1 	3 	1 	4 	0 	
9	202 	1 	0 	0 	0 	0 	1 	9 	178 	2 	0 	0 	0 	1 	0 	1 	2 	0 	0 	0 	
10	228 	2 	0 	1 	1 	2 	3 	3 	2 	141 	8 	2 	2 	0 	0 	1 	0 	0 	1 	0 	
11	234 	0 	0 	0 	0 	0 	0 	1 	0 	2 	156 	0 	1 	2 	0 	0 	2 	0 	1 	0 	
12	247 	3 	1 	1 	2 	0 	1 	0 	1 	0 	0 	125 	3 	0 	1 	1 	5 	0 	4 	0 	
13	196 	15 	1 	12 	7 	0 	1 	3 	2 	0 	0 	19 	128 	3 	1 	3 	0 	1 	0 	1 	
14	219 	8 	1 	2 	0 	0 	0 	4 	0 	0 	0 	2 	4 	133 	3 	7 	3 	3 	4 	0 	
15	249 	5 	0 	0 	0 	0 	0 	0 	0 	0 	1 	1 	2 	0 	124 	2 	1 	0 	6 	1 	
16	271 	2 	0 	1 	1 	1 	0 	0 	0 	0 	0 	0 	1 	1 	2 	115 	0 	1 	1 	1 	
17	263 	0 	0 	0 	0 	0 	1 	2 	1 	1 	1 	0 	1 	1 	1 	3 	84 	1 	3 	1 	
18	293 	2 	0 	0 	0 	0 	0 	2 	1 	1 	1 	1 	0 	0 	0 	2 	3 	63 	7 	0 	
19	225 	1 	0 	0 	0 	0 	0 	0 	0 	0 	0 	3 	0 	2 	0 	1 	25 	3 	48 	2 	
20	192 	3 	0 	0 	0 	0 	0 	0 	1 	1 	0 	0 	0 	2 	3 	11 	3 	2 	3 	30 	
Enter choice: 
 1:Multinomial Model 
 2:Evaluation of Model 
 3:Performance on training
 4:Performance on testing
 5:exit
4
Enter choice: 
 1:With Baysian Estimate 
 2:With Max Likelihood estimate
2
Overall Accuracy=0.08847435043304464
ClassAccuracy=
Class 1:0.9968553459119497
Class 2:0.06426735218508997
Class 3:0.04859335038363171
Class 4:0.07142857142857142
Class 5:0.05221932114882506
Class 6:0.07179487179487179
Class 7:0.10732984293193717
Class 8:0.04556962025316456
Class 9:0.04785894206549118
Class 10:0.04030226700251889
Class 11:0.06265664160401002
Class 12:0.035443037974683546
Class 13:0.02544529262086514
Class 14:0.035623409669211195
Class 15:0.04081632653061224
Class 16:0.05527638190954774
Class 17:0.03021978021978022
Class 18:0.023936170212765957
Class 19:0.01935483870967742
Class 20:0.02390438247011952

Confusion Matrix:=
	1	2	3	4	5	6	7	8	9	10	11	12	13	14	15	16	17	18	19	20
1	317 	0 	0 	0 	0 	0 	0 	0 	0 	0 	0 	0 	0 	0 	0 	0 	0 	0 	1 	0 	
2	353 	25 	2 	1 	1 	4 	0 	0 	0 	0 	0 	0 	1 	0 	2 	0 	0 	0 	0 	0 	
3	355 	3 	19 	5 	3 	1 	0 	0 	0 	0 	0 	1 	1 	2 	0 	0 	1 	0 	0 	0 	
4	352 	3 	3 	28 	2 	0 	4 	0 	0 	0 	0 	0 	0 	0 	0 	0 	0 	0 	0 	0 	
5	353 	2 	0 	2 	20 	0 	1 	0 	0 	0 	0 	0 	4 	1 	0 	0 	0 	0 	0 	0 	
6	356 	3 	0 	1 	1 	28 	0 	0 	0 	0 	0 	0 	0 	0 	0 	0 	1 	0 	0 	0 	
7	323 	4 	2 	3 	1 	1 	41 	2 	2 	0 	0 	0 	0 	0 	1 	0 	1 	0 	0 	1 	
8	370 	0 	0 	0 	0 	0 	1 	18 	2 	0 	0 	1 	2 	0 	0 	0 	0 	0 	0 	1 	
9	377 	0 	0 	0 	0 	0 	0 	1 	19 	0 	0 	0 	0 	0 	0 	0 	0 	0 	0 	0 	
10	377 	0 	0 	0 	0 	0 	1 	0 	0 	16 	3 	0 	0 	0 	0 	0 	0 	0 	0 	0 	
11	374 	0 	0 	0 	0 	0 	0 	0 	0 	0 	25 	0 	0 	0 	0 	0 	0 	0 	0 	0 	
12	378 	1 	0 	0 	1 	0 	0 	0 	0 	0 	0 	14 	1 	0 	0 	0 	0 	0 	0 	0 	
13	373 	1 	0 	0 	0 	0 	3 	1 	0 	0 	0 	3 	10 	1 	1 	0 	0 	0 	0 	0 	
14	375 	0 	0 	0 	0 	0 	1 	0 	0 	0 	0 	1 	1 	14 	0 	0 	1 	0 	0 	0 	
15	376 	0 	0 	0 	0 	0 	0 	0 	0 	0 	0 	0 	0 	0 	16 	0 	0 	0 	0 	0 	
16	372 	0 	0 	0 	0 	0 	0 	0 	0 	0 	0 	0 	0 	1 	0 	22 	0 	1 	1 	1 	
17	351 	0 	0 	0 	0 	0 	0 	0 	0 	0 	0 	0 	0 	0 	0 	0 	11 	1 	0 	1 	
18	364 	1 	0 	0 	0 	0 	1 	0 	0 	0 	0 	0 	0 	0 	0 	0 	1 	9 	0 	0 	
19	300 	0 	0 	0 	0 	0 	0 	0 	0 	0 	0 	0 	0 	1 	1 	1 	1 	0 	6 	0 	
20	239 	0 	0 	0 	0 	0 	0 	0 	0 	0 	0 	0 	0 	1 	0 	3 	0 	0 	2 	6 	
Enter choice: 
 1:Multinomial Model 
 2:Evaluation of Model 
 3:Performance on training
 4:Performance on testing
 5:exit
5
Thank you for using this program
